image: it2_last.pgm
resolution: 0.05
origin: [-3.666302, -1.963480, 0.000000]
negate: 0
occupied_thresh: 0.65
free_thresh: 0.196
